,Province/State,Country/Region,Lat,Long,1/22/20,1/23/20,1/24/20,1/25/20,1/26/20,1/27/20,1/28/20,1/29/20,1/30/20,1/31/20,2/1/20,2/2/20,2/3/20,2/4/20,2/5/20,2/6/20,2/7/20,2/8/20,2/9/20,2/10/20,2/11/20,2/12/20,2/13/20,2/14/20,2/15/20,2/16/20,2/17/20,2/18/20,2/19/20
0,Anhui,Mainland China,31.825709999999997,117.2264,0,0,0,0,0,0,0,0,0,0,0,0,0,0,0,0,0,0,1,3,4,4,5,6,6,6,6,6,6
1,Beijing,Mainland China,40.18238,116.4142,0,0,0,0,0,1,1,1,1,1,1,1,1,1,1,1,1,2,2,2,3,3,3,3,4,4,4,4,4
2,Chongqing,Mainland China,30.05718,107.874,0,0,0,0,0,0,0,0,0,0,1,2,2,2,2,2,2,2,2,2,3,3,4,5,5,5,5,5,5
3,Fujian,Mainland China,26.07783,117.9895,0,0,0,0,0,0,0,0,0,0,0,0,0,0,0,0,0,0,0,0,0,0,0,0,0,0,0,0,0
4,Gansu,Mainland China,36.0611,103.8343,0,0,0,0,0,0,0,0,0,0,0,0,0,0,0,0,0,1,2,2,2,2,2,2,2,2,2,2,2
5,Guangdong,Mainland China,23.33841,113.42200000000001,0,0,0,0,0,0,0,0,0,0,0,0,0,0,0,0,1,1,1,1,1,1,2,2,2,2,4,4,5
6,Guangxi,Mainland China,23.829079999999998,108.7881,0,0,0,0,0,0,0,0,0,0,0,0,0,0,0,0,0,0,1,1,1,1,2,2,2,2,2,2,2
7,Guizhou,Mainland China,26.81536,106.8748,0,0,0,0,0,0,0,0,0,0,0,0,0,0,1,1,1,1,1,1,1,1,1,1,1,1,1,2,2
8,Hainan,Mainland China,19.19673,109.7455,0,0,0,0,0,1,1,1,1,1,1,1,1,1,1,1,2,2,3,3,3,4,4,4,4,4,4,4,4
9,Hebei,Mainland China,38.0428,114.5149,0,1,1,1,1,1,1,1,1,1,1,1,1,1,1,1,1,1,2,2,2,2,3,3,3,3,3,4,4
10,Heilongjiang,Mainland China,47.861999999999995,127.7622,0,0,1,1,1,1,1,1,2,2,2,2,2,2,2,3,3,5,6,7,8,8,9,11,11,11,11,11,12
11,Henan,Mainland China,33.882020000000004,113.61399999999999,0,0,0,0,1,1,1,2,2,2,2,2,2,2,2,2,3,4,6,6,7,8,10,11,13,13,16,19,19
12,Hubei,Mainland China,30.975640000000002,112.2707,17,17,24,40,52,76,125,125,162,204,249,350,414,479,549,618,699,780,871,974,1068,1068,1310,1457,1596,1696,1789,1921,2029
13,Hunan,Mainland China,27.610409999999998,111.7088,0,0,0,0,0,0,0,0,0,0,0,0,0,0,0,0,0,1,1,1,1,2,2,2,2,3,3,4,4
14,Inner Mongolia,Mainland China,44.09448,113.9456,0,0,0,0,0,0,0,0,0,0,0,0,0,0,0,0,0,0,0,0,0,0,0,0,0,0,0,0,0
15,Jiangsu,Mainland China,32.97027,119.464,0,0,0,0,0,0,0,0,0,0,0,0,0,0,0,0,0,0,0,0,0,0,0,0,0,0,0,0,0
16,Jiangxi,Mainland China,27.614009999999997,115.7221,0,0,0,0,0,0,0,0,0,0,0,0,0,0,0,0,0,0,0,1,1,1,1,1,1,1,1,1,1
17,Jilin,Mainland China,43.66657,126.1917,0,0,0,0,0,0,0,0,0,0,0,0,0,0,0,0,1,1,1,1,1,1,1,1,1,1,1,1,1
18,Liaoning,Mainland China,41.292840000000005,122.6086,0,0,0,0,0,0,0,0,0,0,0,0,0,0,0,0,0,0,0,0,0,1,1,1,1,1,1,1,1
19,Ningxia,Mainland China,37.26923,106.1655,0,0,0,0,0,0,0,0,0,0,0,0,0,0,0,0,0,0,0,0,0,0,0,0,0,0,0,0,0
20,Qinghai,Mainland China,35.65945,96.02564,0,0,0,0,0,0,0,0,0,0,0,0,0,0,0,0,0,0,0,0,0,0,0,0,0,0,0,0,0
21,Shaanxi,Mainland China,35.19165,108.8701,0,0,0,0,0,0,0,0,0,0,0,0,0,0,0,0,0,0,0,0,0,0,0,0,0,0,0,0,0
22,Shandong,Mainland China,36.34377,118.1529,0,0,0,0,0,0,0,0,0,0,0,0,0,0,0,0,0,0,1,1,1,2,2,2,2,2,2,3,3
23,Shanghai,Mainland China,31.20327,121.4554,0,0,0,0,1,1,1,1,1,1,1,1,1,1,1,1,1,1,1,1,1,1,1,1,1,1,1,1,2
24,Shanxi,Mainland China,37.577690000000004,112.2922,0,0,0,0,0,0,0,0,0,0,0,0,0,0,0,0,0,0,0,0,0,0,0,0,0,0,0,0,0
25,Sichuan,Mainland China,30.617140000000003,102.7103,0,0,0,0,0,0,0,1,1,1,1,1,1,1,1,1,1,1,1,1,1,1,1,1,1,3,3,3,3
26,Tianjin,Mainland China,39.293620000000004,117.333,0,0,0,0,0,0,0,0,0,0,0,0,0,0,1,1,1,1,1,1,2,2,3,3,3,3,3,3,3
27,Tibet,Mainland China,30.1534,88.7879,0,0,0,0,0,0,0,0,0,0,0,0,0,0,0,0,0,0,0,0,0,0,0,0,0,0,0,0,0
28,Xinjiang,Mainland China,41.11981,85.17822,0,0,0,0,0,0,0,0,0,0,0,0,0,0,0,0,0,0,0,0,0,0,1,1,1,1,1,1,1
29,Yunnan,Mainland China,24.97411,101.4868,0,0,0,0,0,0,0,0,0,0,0,0,0,0,0,0,0,0,0,0,0,0,0,0,0,0,0,0,1
30,Zhejiang,Mainland China,29.182509999999997,120.0985,0,0,0,0,0,0,0,0,0,0,0,0,0,0,0,0,0,0,0,0,0,0,0,0,0,0,0,0,0
31,,Thailand,13.7563,100.5018,0,0,0,0,0,0,0,0,0,0,0,0,0,0,0,0,0,0,0,0,0,0,0,0,0,0,0,0,0
32,,Japan,35.6762,139.6503,0,0,0,0,0,0,0,0,0,0,0,0,0,0,0,0,0,0,0,0,0,0,1,1,1,1,1,1,1
33,,South Korea,37.5665,126.978,0,0,0,0,0,0,0,0,0,0,0,0,0,0,0,0,0,0,0,0,0,0,0,0,0,0,0,0,0
34,Taiwan,Taiwan,23.6978,120.9605,0,0,0,0,0,0,0,0,0,0,0,0,0,0,0,0,0,0,0,0,0,0,0,0,0,1,1,1,1
35,"Seattle, WA",US,47.7511,-120.74,0,0,0,0,0,0,0,0,0,0,0,0,0,0,0,0,0,0,0,0,0,0,0,0,0,0,0,0,0
36,"Chicago, IL",US,40.6331,-89.3985,0,0,0,0,0,0,0,0,0,0,0,0,0,0,0,0,0,0,0,0,0,0,0,0,0,0,0,0,0
37,"Tempe, AZ",US,34.0489,-111.094,0,0,0,0,0,0,0,0,0,0,0,0,0,0,0,0,0,0,0,0,0,0,0,0,0,0,0,0,0
38,Macau,Macau,22.1987,113.5439,0,0,0,0,0,0,0,0,0,0,0,0,0,0,0,0,0,0,0,0,0,0,0,0,0,0,0,0,0
39,Hong Kong,Hong Kong,22.3193,114.1694,0,0,0,0,0,0,0,0,0,0,0,0,0,1,1,1,1,1,1,1,1,1,1,1,1,1,1,1,2
40,,Singapore,1.3521,103.8198,0,0,0,0,0,0,0,0,0,0,0,0,0,0,0,0,0,0,0,0,0,0,0,0,0,0,0,0,0
41,,Vietnam,21.0278,105.8342,0,0,0,0,0,0,0,0,0,0,0,0,0,0,0,0,0,0,0,0,0,0,0,0,0,0,0,0,0
42,,France,46.2276,2.2137,0,0,0,0,0,0,0,0,0,0,0,0,0,0,0,0,0,0,0,0,0,0,0,0,1,1,1,1,1
43,,Nepal,28.3949,84.124,0,0,0,0,0,0,0,0,0,0,0,0,0,0,0,0,0,0,0,0,0,0,0,0,0,0,0,0,0
44,,Malaysia,4.2105,101.9758,0,0,0,0,0,0,0,0,0,0,0,0,0,0,0,0,0,0,0,0,0,0,0,0,0,0,0,0,0
45,"Toronto, ON",Canada,43.6532,-79.3832,0,0,0,0,0,0,0,0,0,0,0,0,0,0,0,0,0,0,0,0,0,0,0,0,0,0,0,0,0
46,British Columbia,Canada,49.2827,-123.12100000000001,0,0,0,0,0,0,0,0,0,0,0,0,0,0,0,0,0,0,0,0,0,0,0,0,0,0,0,0,0
47,"Orange, CA",US,33.7879,-117.8531,0,0,0,0,0,0,0,0,0,0,0,0,0,0,0,0,0,0,0,0,0,0,0,0,0,0,0,0,0
48,"Los Angeles, CA",US,34.0522,-118.2437,0,0,0,0,0,0,0,0,0,0,0,0,0,0,0,0,0,0,0,0,0,0,0,0,0,0,0,0,0
49,New South Wales,Australia,-33.8688,151.2093,0,0,0,0,0,0,0,0,0,0,0,0,0,0,0,0,0,0,0,0,0,0,0,0,0,0,0,0,0
50,Victoria,Australia,-37.8136,144.9631,0,0,0,0,0,0,0,0,0,0,0,0,0,0,0,0,0,0,0,0,0,0,0,0,0,0,0,0,0
51,Queensland,Australia,-27.4698,153.0251,0,0,0,0,0,0,0,0,0,0,0,0,0,0,0,0,0,0,0,0,0,0,0,0,0,0,0,0,0
52,,Cambodia,12.5657,104.991,0,0,0,0,0,0,0,0,0,0,0,0,0,0,0,0,0,0,0,0,0,0,0,0,0,0,0,0,0
53,,Sri Lanka,7.8731,80.7718,0,0,0,0,0,0,0,0,0,0,0,0,0,0,0,0,0,0,0,0,0,0,0,0,0,0,0,0,0
54,,Germany,51.1657,10.4515,0,0,0,0,0,0,0,0,0,0,0,0,0,0,0,0,0,0,0,0,0,0,0,0,0,0,0,0,0
55,,Finland,61.9241,25.7482,0,0,0,0,0,0,0,0,0,0,0,0,0,0,0,0,0,0,0,0,0,0,0,0,0,0,0,0,0
56,,United Arab Emirates,23.4241,53.8478,0,0,0,0,0,0,0,0,0,0,0,0,0,0,0,0,0,0,0,0,0,0,0,0,0,0,0,0,0
57,,Philippines,12.8797,121.774,0,0,0,0,0,0,0,0,0,0,0,1,1,1,1,1,1,1,1,1,1,1,1,1,1,1,1,1,1
58,,India,20.5937,78.9629,0,0,0,0,0,0,0,0,0,0,0,0,0,0,0,0,0,0,0,0,0,0,0,0,0,0,0,0,0
59,"London, ON",Canada,42.9849,-81.2453,0,0,0,0,0,0,0,0,0,0,0,0,0,0,0,0,0,0,0,0,0,0,0,0,0,0,0,0,0
60,,Italy,41.8719,12.5674,0,0,0,0,0,0,0,0,0,0,0,0,0,0,0,0,0,0,0,0,0,0,0,0,0,0,0,0,0
61,,UK,55.3781,-3.4360000000000004,0,0,0,0,0,0,0,0,0,0,0,0,0,0,0,0,0,0,0,0,0,0,0,0,0,0,0,0,0
62,,Russia,61.523999999999994,105.3188,0,0,0,0,0,0,0,0,0,0,0,0,0,0,0,0,0,0,0,0,0,0,0,0,0,0,0,0,0
63,,Sweden,60.1282,18.6435,0,0,0,0,0,0,0,0,0,0,0,0,0,0,0,0,0,0,0,0,0,0,0,0,0,0,0,0,0
64,"Santa Clara, CA",US,37.3541,-121.9552,0,0,0,0,0,0,0,0,0,0,0,0,0,0,0,0,0,0,0,0,0,0,0,0,0,0,0,0,0
65,,Spain,40.4637,-3.7492,0,0,0,0,0,0,0,0,0,0,0,0,0,0,0,0,0,0,0,0,0,0,0,0,0,0,0,0,0
66,South Australia,Australia,-34.9285,138.6007,0,0,0,0,0,0,0,0,0,0,0,0,0,0,0,0,0,0,0,0,0,0,0,0,0,0,0,0,0
67,"Boston, MA",US,42.3601,-71.0589,0,0,0,0,0,0,0,0,0,0,0,0,0,0,0,0,0,0,0,0,0,0,0,0,0,0,0,0,0
68,"San Benito, CA",US,36.5761,-120.9876,0,0,0,0,0,0,0,0,0,0,0,0,0,0,0,0,0,0,0,0,0,0,0,0,0,0,0,0,0
69,,Belgium,50.5039,4.4699,0,0,0,0,0,0,0,0,0,0,0,0,0,0,0,0,0,0,0,0,0,0,0,0,0,0,0,0,0
70,"Madison, WI",US,43.0731,-89.4012,0,0,0,0,0,0,0,0,0,0,0,0,0,0,0,0,0,0,0,0,0,0,0,0,0,0,0,0,0
71,Diamond Princess cruise ship,Others,35.4437,139.638,0,0,0,0,0,0,0,0,0,0,0,0,0,0,0,0,0,0,0,0,0,0,0,0,0,0,0,0,0
72,"San Diego County, CA",US,32.7157,-117.1611,0,0,0,0,0,0,0,0,0,0,0,0,0,0,0,0,0,0,0,0,0,0,0,0,0,0,0,0,0
73,"San Antonio, TX",US,29.4241,-98.4936,0,0,0,0,0,0,0,0,0,0,0,0,0,0,0,0,0,0,0,0,0,0,0,0,0,0,0,0,0
74,,Egypt,26.8206,30.8025,0,0,0,0,0,0,0,0,0,0,0,0,0,0,0,0,0,0,0,0,0,0,0,0,0,0,0,0,0
75,,Iran,32.4279,53.688,0,0,0,0,0,0,0,0,0,0,0,0,0,0,0,0,0,0,0,0,0,0,0,0,0,0,0,0,2
